141
142
151
157
196
206
242
263
266
268
277
278
279
280
282
291
295
300
301
302
303
311
316
321
322
323
330
331
333
334
335
336
337
338
341
342
344
349
350
351
354
355
356
357
358
359
368
369
377
380
383
384
385
387
389
390
391
392
393
394
395
396
397
400
401
402
409
410
412
413
414
416
417
418
419
420
421
422
423
425
426
433
496
497
505
508
509
510
518
519
543
544
545
546
548
551
552
559
560
562
565
576
577
579
580
585
611
612
634
639
640
651
652
653
654
659
663
668
671
697
698
701
702
710
712
733
734
768
769
807
808
824
836
837
890
891
899
900
903
908
909
964
967
976
1016
1017
1075
1078
1079
1080
1081
1146
1157
1161
1226
1227
1232
1233
1234
1235
1236
1237
1238
1239
1240
1241
1242
1243
1244
1245
1260
1261
1264
1267
1268
1269
1275
1278
1281
1308
1315
1329
1334
1335
1338
1341
1342
1343
1353
1354
1355
1357
1361
1362
1365
1366
1367
1369
1370
1371
1373
1374
1381
1389
1392
1395
1398
1402
1407
1412
1417
1420
1425
1428
1449
1476
1477
1478
1483
1486
1487
1488
1489
1490
1492
1493
1518
1537
1556
1565
1566
1567
1569
1577
1586
1587
1588
1593
1607
1611
1614
1615
1616
1629
1671
1677
1678
1679
1680
1695
1696
1703
1704
1711
1712
1719
1720
1726
1727
1733
1734
1742
1743
1744
1746
1752
1753
1761
1764
1766
1772
1779
1787
1789
1795
1822
1828
1838
1839
1840
1841
1842
1845
1848
1850
1851
1852
1853
1857
1858
1859
1860
1861
1862
1863
1864
1865
1868
1869
1870
1873
1874
1875
1876
1879
1880
1881
1885
1886
1887
1888
1889
1892
1893
1894
1895
1896
1897
1900
1901
1910
1913
1923
1924
1939
1940
1954
1955
1964
1965
1966
